cv 9 [0.9565217391304348, 0.85, 0.9047619047619048, 1.0, 0.9473684210526315, 0.9090909090909091, 1.0, 0.9444444444444444, 0.9090909090909091, 0.9130434782608695, 0.9047619047619048, 0.9473684210526315, 1.0, 0.9473684210526315, 0.9523809523809523, 0.9166666666666666, 0.9333333333333333, 0.9473684210526315, 0.9565217391304348, 0.9047619047619048, 0.9523809523809523, 0.9545454545454546, 0.9, 0.9545454545454546, 1.0, 1.0, 0.95, 0.9130434782608695, 0.8571428571428571, 0.9444444444444444] [1.0, 0.8947368421052632, 0.9047619047619048, 0.9545454545454546, 0.9473684210526315, 0.9523809523809523, 1.0, 0.8947368421052632, 0.9523809523809523, 0.9545454545454546, 1.0, 0.8571428571428571, 0.9545454545454546, 0.9473684210526315, 0.9523809523809523, 1.0, 0.7368421052631579, 0.8571428571428571, 1.0, 1.0, 0.9523809523809523, 0.9545454545454546, 0.9473684210526315, 1.0, 1.0, 0.9473684210526315, 0.9047619047619048, 0.9545454545454546, 0.9473684210526315, 0.8095238095238095] [0.9583333333333334, 0.782608695652174, 0.8260869565217391, 0.9583333333333334, 0.9130434782608695, 0.8695652173913043, 1.0, 0.8695652173913043, 0.8695652173913043, 0.875, 0.9130434782608695, 0.8260869565217391, 0.9583333333333334, 0.9130434782608695, 0.9130434782608695, 0.9166666666666666, 0.7391304347826086, 0.8260869565217391, 0.9583333333333334, 0.9130434782608695, 0.9130434782608695, 0.9166666666666666, 0.8695652173913043, 0.9565217391304348, 1.0, 0.9565217391304348, 0.8695652173913043, 0.875, 0.8260869565217391, 0.782608695652174] [0.9777777777777777, 0.8717948717948718, 0.9047619047619048, 0.9767441860465117, 0.9473684210526315, 0.9302325581395349, 1.0, 0.918918918918919, 0.9302325581395349, 0.9333333333333332, 0.9500000000000001, 0.9, 0.9767441860465117, 0.9473684210526315, 0.9523809523809523, 0.9565217391304348, 0.8235294117647058, 0.9, 0.9777777777777777, 0.9500000000000001, 0.9523809523809523, 0.9545454545454546, 0.9230769230769231, 0.9767441860465117, 1.0, 0.972972972972973, 0.9268292682926829, 0.9333333333333332, 0.9, 0.8717948717948718] [0.75, 0.5723684210526316, 0.4523809523809524, 0.9772727272727273, 0.8486842105263157, 0.47619047619047616, 1.0, 0.8223684210526315, 0.47619047619047616, 0.4772727272727273, 0.75, 0.6785714285714286, 0.9772727272727273, 0.8486842105263157, 0.7261904761904762, 0.5, 0.743421052631579, 0.6785714285714286, 0.75, 0.75, 0.7261904761904762, 0.7272727272727273, 0.7236842105263157, 0.75, 1.0, 0.9736842105263157, 0.7023809523809523, 0.4772727272727273, 0.5986842105263157, 0.6547619047619048]
 0.9390318737115076 0.001461587727656605
 0.9392914103440418 0.0036445380229781434
 0.8921497584541063 0.004030082382319307
 0.9379054993520578 0.0015418334208584165
 0.7196457051720208 0.026785716794800508
    print(prec, prec_std)
    print(recall, recall_std)
    print(acc, acc_std)
    print(f1, f1_std)
    print(auc, auc_std)